5
5
7
4
8
16
28
39
71
163
85
121
247
260
318
238
168
177
196
324
142
123
132
70
99
89
129
126
155
196
161
216
194
230
158
200
179
206
202
238
249
245
222
367
381
530
619
582
599
738
792
772
690
785
701
1216
922
1103
1054
1074
1157
1458
1461
1549
1606
1375
1228
1964
1645
1693
1618
1698
1876
2049
2011
2179
2270
1863
1960
2725
4347
8649
3330
2973
2875
3074
2959
3109
3047
2881
2564
3657
3558
3755
3387
3203
3267
3638
3837
3476
3628
3469
2807
4721
4359
4299
4132
4078
4691
4749
4765
4853
4855
4810
4234
7361
6417
6738
6389
6875
7803
7837
7385
7470
7187
5994
5594
9278
7788
9348
9574
9802
9920
10241
9624
9707
9929
8891
7426
11398
9555
9945
10504
10043
10863
11772
11628
12216
13245
11498
11825
16409
14883
16323
16062
14928
16290
17564
16861
16934
15607
13853
12389
17826
17242
17952
16864
17632
17980
18142
17153
17712
17599
14932
13018
18393
15771
18376
18642
17477
19323
20258
19380