2
1
3
7
9
13
21
22
17
17
21
16
28
16
30
27
28
30
28
25
19
26
27
25
24
24
42
34
28
39
41
46
39
58
42
34
54
33
58
46
48
76
86
71
67
115
141
158
150
134
144
165
138
307
243
243
278
294
253
313
336
340
416
476
263
576
432
469
552
477
524
585
722
667
813
918
503
1243
1131
1055
1013
1084
1078
1114
1213
1409
1218
1241
875
1513
1414
1443
1329
1349
1315
1382
1641
1503
1642
1473
1057
2227
1933
2010
1943
2328
2135
2276
2270
2716
2698
2582
2034
3742
3848
3619
3661
3874
3687
4609
4532
4814
5635
5111
3532
7171
6199
6836
7374
7221
7016
7000
7151
7494
8318
7586
5320
9712
8084
8214
8524
8927
8437
8718
9737
10552
12433
10780
8301
15658
13829
15724
15379
15676
14654
15013
15141
16212
16555
14632
10929
19127
19444
17084
17788
17277
15856
16341
17293
21866
19324
17204
11296
20648
17176
18177
16417
17089
15774
17853
